#i     cr sl tb  dcc  spigot fiber fiberchan subdet ieta iphi depth
0000   2  13  b   19     1    1        0       HF    41    1      1
0001   2  14  b   19     3    1        0       HF    41    5      1
0002   2  15  b   19     5    1        0       HF    41    9      1
0003   2  16  b   19     7    1        0       HF    41   13      1
0004   2  17  b   19     9    1        0       HF    41   17      1
0005   2  18  b   19    11    1        0       HF    41   21      1
0006   9  13  b   21     1    1        0       HF    41   25      1
0007   9  14  b   21     3    1        0       HF    41   29      1
0008   9  15  b   21     5    1        0       HF    41   33      1
0009   9  16  b   21     7    1        0       HF    41   37      1
0010   9  17  b   21     9    1        0       HF    41   41      1
0011   9  18  b   21    11    1        0       HF    41   45      1
0012  12  13  b   23     1    1        0       HF    41   49      1
0013  12  14  b   23     3    1        0       HF    41   53      1
0014  12  15  b   23     5    1        0       HF    41   57      1
0015  12  16  b   23     7    1        0       HF    41   61      1
0016  12  17  b   23     9    1        0       HF    41   65      1
0017  12  18  b   23    11    1        0       HF    41   69      1
0018   2  13  b   19     1    3        0       HF    41    1      2
0019   2  14  b   19     3    3        0       HF    41    5      2
0020   2  15  b   19     5    3        0       HF    41    9      2
0021   2  16  b   19     7    3        0       HF    41   13      2
0022   2  17  b   19     9    3        0       HF    41   17      2
0023   2  18  b   19    11    3        0       HF    41   21      2
0024   9  13  b   21     1    3        0       HF    41   25      2
0025   9  14  b   21     3    3        0       HF    41   29      2
0026   9  15  b   21     5    3        0       HF    41   33      2
0027   9  16  b   21     7    3        0       HF    41   37      2
0028   9  17  b   21     9    3        0       HF    41   41      2
0029   9  18  b   21    11    3        0       HF    41   45      2
0030  12  13  b   23     1    3        0       HF    41   49      2
0031  12  14  b   23     3    3        0       HF    41   53      2
0032  12  15  b   23     5    3        0       HF    41   57      2
0033  12  16  b   23     7    3        0       HF    41   61      2
0034  12  17  b   23     9    3        0       HF    41   65      2
0035  12  18  b   23    11    3        0       HF    41   69      2
0036   2  13  b   19     1    7        0       HF    40    1      1
0037   2  14  b   19     3    7        0       HF    40    5      1
0038   2  15  b   19     5    7        0       HF    40    9      1
0039   2  16  b   19     7    7        0       HF    40   13      1
0040   2  17  b   19     9    7        0       HF    40   17      1
0041   2  18  b   19    11    7        0       HF    40   21      1
0042   9  13  b   21     1    7        0       HF    40   25      1
0043   9  14  b   21     3    7        0       HF    40   29      1
0044   9  15  b   21     5    7        0       HF    40   33      1
0045   9  16  b   21     7    7        0       HF    40   37      1
0046   9  17  b   21     9    7        0       HF    40   41      1
0047   9  18  b   21    11    7        0       HF    40   45      1
0048  12  13  b   23     1    7        0       HF    40   49      1
0049  12  14  b   23     3    7        0       HF    40   53      1
0050  12  15  b   23     5    7        0       HF    40   57      1
0051  12  16  b   23     7    7        0       HF    40   61      1
0052  12  17  b   23     9    7        0       HF    40   65      1
0053  12  18  b   23    11    7        0       HF    40   69      1
0054   2  13  b   19     1    5        0       HF    40    1      2
0055   2  14  b   19     3    5        0       HF    40    5      2
0056   2  15  b   19     5    5        0       HF    40    9      2
0057   2  16  b   19     7    5        0       HF    40   13      2
0058   2  17  b   19     9    5        0       HF    40   17      2
0059   2  18  b   19    11    5        0       HF    40   21      2
0060   9  13  b   21     1    5        0       HF    40   25      2
0061   9  14  b   21     3    5        0       HF    40   29      2
0062   9  15  b   21     5    5        0       HF    40   33      2
0063   9  16  b   21     7    5        0       HF    40   37      2
0064   9  17  b   21     9    5        0       HF    40   41      2
0065   9  18  b   21    11    5        0       HF    40   45      2
0066  12  13  b   23     1    5        0       HF    40   49      2
0067  12  14  b   23     3    5        0       HF    40   53      2
0068  12  15  b   23     5    5        0       HF    40   57      2
0069  12  16  b   23     7    5        0       HF    40   61      2
0070  12  17  b   23     9    5        0       HF    40   65      2
0071  12  18  b   23    11    5        0       HF    40   69      2
0072  12  18  b   23    11    8        2       HF    39    1      1
0073   2  13  b   19     1    2        2       HF    39    3      1
0074   2  13  b   19     1    8        2       HF    39    5      1
0075   2  14  b   19     3    2        2       HF    39    7      1
0076   2  14  b   19     3    8        2       HF    39    9      1
0077   2  15  b   19     5    2        2       HF    39   11      1
0078   2  15  b   19     5    8        2       HF    39   13      1
0079   2  16  b   19     7    2        2       HF    39   15      1
0080   2  16  b   19     7    8        2       HF    39   17      1
0081   2  17  b   19     9    2        2       HF    39   19      1
0082   2  17  b   19     9    8        2       HF    39   21      1
0083   2  18  b   19    11    2        2       HF    39   23      1
0084   2  18  b   19    11    8        2       HF    39   25      1
0085   9  13  b   21     1    2        2       HF    39   27      1
0086   9  13  b   21     1    8        2       HF    39   29      1
0087   9  14  b   21     3    2        2       HF    39   31      1
0088   9  14  b   21     3    8        2       HF    39   33      1
0089   9  15  b   21     5    2        2       HF    39   35      1
0090   9  15  b   21     5    8        2       HF    39   37      1
0091   9  16  b   21     7    2        2       HF    39   39      1
0092   9  16  b   21     7    8        2       HF    39   41      1
0093   9  17  b   21     9    2        2       HF    39   43      1
0094   9  17  b   21     9    8        2       HF    39   45      1
0095   9  18  b   21    11    2        2       HF    39   47      1
0096   9  18  b   21    11    8        2       HF    39   49      1
0097  12  13  b   23     1    2        2       HF    39   51      1
0098  12  13  b   23     1    8        2       HF    39   53      1
0099  12  14  b   23     3    2        2       HF    39   55      1
0100  12  14  b   23     3    8        2       HF    39   57      1
0101  12  15  b   23     5    2        2       HF    39   59      1
0102  12  15  b   23     5    8        2       HF    39   61      1
0103  12  16  b   23     7    2        2       HF    39   63      1
0104  12  16  b   23     7    8        2       HF    39   65      1
0105  12  17  b   23     9    2        2       HF    39   67      1
0106  12  17  b   23     9    8        2       HF    39   69      1
0107  12  18  b   23    11    2        2       HF    39   71      1
0108  12  18  b   23    11    6        2       HF    39    1      2
0109   2  13  b   19     1    4        2       HF    39    3      2
0110   2  13  b   19     1    6        2       HF    39    5      2
0111   2  14  b   19     3    4        2       HF    39    7      2
0112   2  14  b   19     3    6        2       HF    39    9      2
0113   2  15  b   19     5    4        2       HF    39   11      2
0114   2  15  b   19     5    6        2       HF    39   13      2
0115   2  16  b   19     7    4        2       HF    39   15      2
0116   2  16  b   19     7    6        2       HF    39   17      2
0117   2  17  b   19     9    4        2       HF    39   19      2
0118   2  17  b   19     9    6        2       HF    39   21      2
0119   2  18  b   19    11    4        2       HF    39   23      2
0120   2  18  b   19    11    6        2       HF    39   25      2
0121   9  13  b   21     1    4        2       HF    39   27      2
0122   9  13  b   21     1    6        2       HF    39   29      2
0123   9  14  b   21     3    4        2       HF    39   31      2
0124   9  14  b   21     3    6        2       HF    39   33      2
0125   9  15  b   21     5    4        2       HF    39   35      2
0126   9  15  b   21     5    6        2       HF    39   37      2
0127   9  16  b   21     7    4        2       HF    39   39      2
0128   9  16  b   21     7    6        2       HF    39   41      2
0129   9  17  b   21     9    4        2       HF    39   43      2
0130   9  17  b   21     9    6        2       HF    39   45      2
0131   9  18  b   21    11    4        2       HF    39   47      2
0132   9  18  b   21    11    6        2       HF    39   49      2
0133  12  13  b   23     1    4        2       HF    39   51      2
0134  12  13  b   23     1    6        2       HF    39   53      2
0135  12  14  b   23     3    4        2       HF    39   55      2
0136  12  14  b   23     3    6        2       HF    39   57      2
0137  12  15  b   23     5    4        2       HF    39   59      2
0138  12  15  b   23     5    6        2       HF    39   61      2
0139  12  16  b   23     7    4        2       HF    39   63      2
0140  12  16  b   23     7    6        2       HF    39   65      2
0141  12  17  b   23     9    4        2       HF    39   67      2
0142  12  17  b   23     9    6        2       HF    39   69      2
0143  12  18  b   23    11    4        2       HF    39   71      2
0144  12  18  b   23    11    7        1       HF    38    1      1
0145   2  13  b   19     1    2        0       HF    38    3      1
0146   2  13  b   19     1    7        1       HF    38    5      1
0147   2  14  b   19     3    2        0       HF    38    7      1
0148   2  14  b   19     3    7        1       HF    38    9      1
0149   2  15  b   19     5    2        0       HF    38   11      1
0150   2  15  b   19     5    7        1       HF    38   13      1
0151   2  16  b   19     7    2        0       HF    38   15      1
0152   2  16  b   19     7    7        1       HF    38   17      1
0153   2  17  b   19     9    2        0       HF    38   19      1
0154   2  17  b   19     9    7        1       HF    38   21      1
0155   2  18  b   19    11    2        0       HF    38   23      1
0156   2  18  b   19    11    7        1       HF    38   25      1
0157   9  13  b   21     1    2        0       HF    38   27      1
0158   9  13  b   21     1    7        1       HF    38   29      1
0159   9  14  b   21     3    2        0       HF    38   31      1
0160   9  14  b   21     3    7        1       HF    38   33      1
0161   9  15  b   21     5    2        0       HF    38   35      1
0162   9  15  b   21     5    7        1       HF    38   37      1
0163   9  16  b   21     7    2        0       HF    38   39      1
0164   9  16  b   21     7    7        1       HF    38   41      1
0165   9  17  b   21     9    2        0       HF    38   43      1
0166   9  17  b   21     9    7        1       HF    38   45      1
0167   9  18  b   21    11    2        0       HF    38   47      1
0168   9  18  b   21    11    7        1       HF    38   49      1
0169  12  13  b   23     1    2        0       HF    38   51      1
0170  12  13  b   23     1    7        1       HF    38   53      1
0171  12  14  b   23     3    2        0       HF    38   55      1
0172  12  14  b   23     3    7        1       HF    38   57      1
0173  12  15  b   23     5    2        0       HF    38   59      1
0174  12  15  b   23     5    7        1       HF    38   61      1
0175  12  16  b   23     7    2        0       HF    38   63      1
0176  12  16  b   23     7    7        1       HF    38   65      1
0177  12  17  b   23     9    2        0       HF    38   67      1
0178  12  17  b   23     9    7        1       HF    38   69      1
0179  12  18  b   23    11    2        0       HF    38   71      1
0180  12  18  b   23    11    5        1       HF    38    1      2
0181   2  13  b   19     1    4        0       HF    38    3      2
0182   2  13  b   19     1    5        1       HF    38    5      2
0183   2  14  b   19     3    4        0       HF    38    7      2
0184   2  14  b   19     3    5        1       HF    38    9      2
0185   2  15  b   19     5    4        0       HF    38   11      2
0186   2  15  b   19     5    5        1       HF    38   13      2
0187   2  16  b   19     7    4        0       HF    38   15      2
0188   2  16  b   19     7    5        1       HF    38   17      2
0189   2  17  b   19     9    4        0       HF    38   19      2
0190   2  17  b   19     9    5        1       HF    38   21      2
0191   2  18  b   19    11    4        0       HF    38   23      2
0192   2  18  b   19    11    5        1       HF    38   25      2
0193   9  13  b   21     1    4        0       HF    38   27      2
0194   9  13  b   21     1    5        1       HF    38   29      2
0195   9  14  b   21     3    4        0       HF    38   31      2
0196   9  14  b   21     3    5        1       HF    38   33      2
0197   9  15  b   21     5    4        0       HF    38   35      2
0198   9  15  b   21     5    5        1       HF    38   37      2
0199   9  16  b   21     7    4        0       HF    38   39      2
0200   9  16  b   21     7    5        1       HF    38   41      2
0201   9  17  b   21     9    4        0       HF    38   43      2
0202   9  17  b   21     9    5        1       HF    38   45      2
0203   9  18  b   21    11    4        0       HF    38   47      2
0204   9  18  b   21    11    5        1       HF    38   49      2
0205  12  13  b   23     1    4        0       HF    38   51      2
0206  12  13  b   23     1    5        1       HF    38   53      2
0207  12  14  b   23     3    4        0       HF    38   55      2
0208  12  14  b   23     3    5        1       HF    38   57      2
0209  12  15  b   23     5    4        0       HF    38   59      2
0210  12  15  b   23     5    5        1       HF    38   61      2
0211  12  16  b   23     7    4        0       HF    38   63      2
0212  12  16  b   23     7    5        1       HF    38   65      2
0213  12  17  b   23     9    4        0       HF    38   67      2
0214  12  17  b   23     9    5        1       HF    38   69      2
0215  12  18  b   23    11    4        0       HF    38   71      2
0216  12  18  b   23    11    8        0       HF    37    1      1
0217   2  13  b   19     1    1        1       HF    37    3      1
0218   2  13  b   19     1    8        0       HF    37    5      1
0219   2  14  b   19     3    1        1       HF    37    7      1
0220   2  14  b   19     3    8        0       HF    37    9      1
0221   2  15  b   19     5    1        1       HF    37   11      1
0222   2  15  b   19     5    8        0       HF    37   13      1
0223   2  16  b   19     7    1        1       HF    37   15      1
0224   2  16  b   19     7    8        0       HF    37   17      1
0225   2  17  b   19     9    1        1       HF    37   19      1
0226   2  17  b   19     9    8        0       HF    37   21      1
0227   2  18  b   19    11    1        1       HF    37   23      1
0228   2  18  b   19    11    8        0       HF    37   25      1
0229   9  13  b   21     1    1        1       HF    37   27      1
0230   9  13  b   21     1    8        0       HF    37   29      1
0231   9  14  b   21     3    1        1       HF    37   31      1
0232   9  14  b   21     3    8        0       HF    37   33      1
0233   9  15  b   21     5    1        1       HF    37   35      1
0234   9  15  b   21     5    8        0       HF    37   37      1
0235   9  16  b   21     7    1        1       HF    37   39      1
0236   9  16  b   21     7    8        0       HF    37   41      1
0237   9  17  b   21     9    1        1       HF    37   43      1
0238   9  17  b   21     9    8        0       HF    37   45      1
0239   9  18  b   21    11    1        1       HF    37   47      1
0240   9  18  b   21    11    8        0       HF    37   49      1
0241  12  13  b   23     1    1        1       HF    37   51      1
0242  12  13  b   23     1    8        0       HF    37   53      1
0243  12  14  b   23     3    1        1       HF    37   55      1
0244  12  14  b   23     3    8        0       HF    37   57      1
0245  12  15  b   23     5    1        1       HF    37   59      1
0246  12  15  b   23     5    8        0       HF    37   61      1
0247  12  16  b   23     7    1        1       HF    37   63      1
0248  12  16  b   23     7    8        0       HF    37   65      1
0249  12  17  b   23     9    1        1       HF    37   67      1
0250  12  17  b   23     9    8        0       HF    37   69      1
0251  12  18  b   23    11    1        1       HF    37   71      1
0252  12  18  b   23    11    6        0       HF    37    1      2
0253   2  13  b   19     1    3        1       HF    37    3      2
0254   2  13  b   19     1    6        0       HF    37    5      2
0255   2  14  b   19     3    3        1       HF    37    7      2
0256   2  14  b   19     3    6        0       HF    37    9      2
0257   2  15  b   19     5    3        1       HF    37   11      2
0258   2  15  b   19     5    6        0       HF    37   13      2
0259   2  16  b   19     7    3        1       HF    37   15      2
0260   2  16  b   19     7    6        0       HF    37   17      2
0261   2  17  b   19     9    3        1       HF    37   19      2
0262   2  17  b   19     9    6        0       HF    37   21      2
0263   2  18  b   19    11    3        1       HF    37   23      2
0264   2  18  b   19    11    6        0       HF    37   25      2
0265   9  13  b   21     1    3        1       HF    37   27      2
0266   9  13  b   21     1    6        0       HF    37   29      2
0267   9  14  b   21     3    3        1       HF    37   31      2
0268   9  14  b   21     3    6        0       HF    37   33      2
0269   9  15  b   21     5    3        1       HF    37   35      2
0270   9  15  b   21     5    6        0       HF    37   37      2
0271   9  16  b   21     7    3        1       HF    37   39      2
0272   9  16  b   21     7    6        0       HF    37   41      2
0273   9  17  b   21     9    3        1       HF    37   43      2
0274   9  17  b   21     9    6        0       HF    37   45      2
0275   9  18  b   21    11    3        1       HF    37   47      2
0276   9  18  b   21    11    6        0       HF    37   49      2
0277  12  13  b   23     1    3        1       HF    37   51      2
0278  12  13  b   23     1    6        0       HF    37   53      2
0279  12  14  b   23     3    3        1       HF    37   55      2
0280  12  14  b   23     3    6        0       HF    37   57      2
0281  12  15  b   23     5    3        1       HF    37   59      2
0282  12  15  b   23     5    6        0       HF    37   61      2
0283  12  16  b   23     7    3        1       HF    37   63      2
0284  12  16  b   23     7    6        0       HF    37   65      2
0285  12  17  b   23     9    3        1       HF    37   67      2
0286  12  17  b   23     9    6        0       HF    37   69      2
0287  12  18  b   23    11    3        1       HF    37   71      2
0288  12  18  b   23    11    7        2       HF    36    1      1
0289   2  13  b   19     1    2        1       HF    36    3      1
0290   2  13  b   19     1    7        2       HF    36    5      1
0291   2  14  b   19     3    2        1       HF    36    7      1
0292   2  14  b   19     3    7        2       HF    36    9      1
0293   2  15  b   19     5    2        1       HF    36   11      1
0294   2  15  b   19     5    7        2       HF    36   13      1
0295   2  16  b   19     7    2        1       HF    36   15      1
0296   2  16  b   19     7    7        2       HF    36   17      1
0297   2  17  b   19     9    2        1       HF    36   19      1
0298   2  17  b   19     9    7        2       HF    36   21      1
0299   2  18  b   19    11    2        1       HF    36   23      1
0300   2  18  b   19    11    7        2       HF    36   25      1
0301   9  13  b   21     1    2        1       HF    36   27      1
0302   9  13  b   21     1    7        2       HF    36   29      1
0303   9  14  b   21     3    2        1       HF    36   31      1
0304   9  14  b   21     3    7        2       HF    36   33      1
0305   9  15  b   21     5    2        1       HF    36   35      1
0306   9  15  b   21     5    7        2       HF    36   37      1
0307   9  16  b   21     7    2        1       HF    36   39      1
0308   9  16  b   21     7    7        2       HF    36   41      1
0309   9  17  b   21     9    2        1       HF    36   43      1
0310   9  17  b   21     9    7        2       HF    36   45      1
0311   9  18  b   21    11    2        1       HF    36   47      1
0312   9  18  b   21    11    7        2       HF    36   49      1
0313  12  13  b   23     1    2        1       HF    36   51      1
0314  12  13  b   23     1    7        2       HF    36   53      1
0315  12  14  b   23     3    2        1       HF    36   55      1
0316  12  14  b   23     3    7        2       HF    36   57      1
0317  12  15  b   23     5    2        1       HF    36   59      1
0318  12  15  b   23     5    7        2       HF    36   61      1
0319  12  16  b   23     7    2        1       HF    36   63      1
0320  12  16  b   23     7    7        2       HF    36   65      1
0321  12  17  b   23     9    2        1       HF    36   67      1
0322  12  17  b   23     9    7        2       HF    36   69      1
0323  12  18  b   23    11    2        1       HF    36   71      1
0324  12  18  b   23    11    5        2       HF    36    1      2
0325   2  13  b   19     1    4        1       HF    36    3      2
0326   2  13  b   19     1    5        2       HF    36    5      2
0327   2  14  b   19     3    4        1       HF    36    7      2
0328   2  14  b   19     3    5        2       HF    36    9      2
0329   2  15  b   19     5    4        1       HF    36   11      2
0330   2  15  b   19     5    5        2       HF    36   13      2
0331   2  16  b   19     7    4        1       HF    36   15      2
0332   2  16  b   19     7    5        2       HF    36   17      2
0333   2  17  b   19     9    4        1       HF    36   19      2
0334   2  17  b   19     9    5        2       HF    36   21      2
0335   2  18  b   19    11    4        1       HF    36   23      2
0336   2  18  b   19    11    5        2       HF    36   25      2
0337   9  13  b   21     1    4        1       HF    36   27      2
0338   9  13  b   21     1    5        2       HF    36   29      2
0339   9  14  b   21     3    4        1       HF    36   31      2
0340   9  14  b   21     3    5        2       HF    36   33      2
0341   9  15  b   21     5    4        1       HF    36   35      2
0342   9  15  b   21     5    5        2       HF    36   37      2
0343   9  16  b   21     7    4        1       HF    36   39      2
0344   9  16  b   21     7    5        2       HF    36   41      2
0345   9  17  b   21     9    4        1       HF    36   43      2
0346   9  17  b   21     9    5        2       HF    36   45      2
0347   9  18  b   21    11    4        1       HF    36   47      2
0348   9  18  b   21    11    5        2       HF    36   49      2
0349  12  13  b   23     1    4        1       HF    36   51      2
0350  12  13  b   23     1    5        2       HF    36   53      2
0351  12  14  b   23     3    4        1       HF    36   55      2
0352  12  14  b   23     3    5        2       HF    36   57      2
0353  12  15  b   23     5    4        1       HF    36   59      2
0354  12  15  b   23     5    5        2       HF    36   61      2
0355  12  16  b   23     7    4        1       HF    36   63      2
0356  12  16  b   23     7    5        2       HF    36   65      2
0357  12  17  b   23     9    4        1       HF    36   67      2
0358  12  17  b   23     9    5        2       HF    36   69      2
0359  12  18  b   23    11    4        1       HF    36   71      2
0360  12  18  b   23    11    8        1       HF    35    1      1
0361   2  13  b   19     1    1        2       HF    35    3      1
0362   2  13  b   19     1    8        1       HF    35    5      1
0363   2  14  b   19     3    1        2       HF    35    7      1
0364   2  14  b   19     3    8        1       HF    35    9      1
0365   2  15  b   19     5    1        2       HF    35   11      1
0366   2  15  b   19     5    8        1       HF    35   13      1
0367   2  16  b   19     7    1        2       HF    35   15      1
0368   2  16  b   19     7    8        1       HF    35   17      1
0369   2  17  b   19     9    1        2       HF    35   19      1
0370   2  17  b   19     9    8        1       HF    35   21      1
0371   2  18  b   19    11    1        2       HF    35   23      1
0372   2  18  b   19    11    8        1       HF    35   25      1
0373   9  13  b   21     1    1        2       HF    35   27      1
0374   9  13  b   21     1    8        1       HF    35   29      1
0375   9  14  b   21     3    1        2       HF    35   31      1
0376   9  14  b   21     3    8        1       HF    35   33      1
0377   9  15  b   21     5    1        2       HF    35   35      1
0378   9  15  b   21     5    8        1       HF    35   37      1
0379   9  16  b   21     7    1        2       HF    35   39      1
0380   9  16  b   21     7    8        1       HF    35   41      1
0381   9  17  b   21     9    1        2       HF    35   43      1
0382   9  17  b   21     9    8        1       HF    35   45      1
0383   9  18  b   21    11    1        2       HF    35   47      1
0384   9  18  b   21    11    8        1       HF    35   49      1
0385  12  13  b   23     1    1        2       HF    35   51      1
0386  12  13  b   23     1    8        1       HF    35   53      1
0387  12  14  b   23     3    1        2       HF    35   55      1
0388  12  14  b   23     3    8        1       HF    35   57      1
0389  12  15  b   23     5    1        2       HF    35   59      1
0390  12  15  b   23     5    8        1       HF    35   61      1
0391  12  16  b   23     7    1        2       HF    35   63      1
0392  12  16  b   23     7    8        1       HF    35   65      1
0393  12  17  b   23     9    1        2       HF    35   67      1
0394  12  17  b   23     9    8        1       HF    35   69      1
0395  12  18  b   23    11    1        2       HF    35   71      1
0396  12  18  b   23    11    6        1       HF    35    1      2
0397   2  13  b   19     1    3        2       HF    35    3      2
0398   2  13  b   19     1    6        1       HF    35    5      2
0399   2  14  b   19     3    3        2       HF    35    7      2
0400   2  14  b   19     3    6        1       HF    35    9      2
0401   2  15  b   19     5    3        2       HF    35   11      2
0402   2  15  b   19     5    6        1       HF    35   13      2
0403   2  16  b   19     7    3        2       HF    35   15      2
0404   2  16  b   19     7    6        1       HF    35   17      2
0405   2  17  b   19     9    3        2       HF    35   19      2
0406   2  17  b   19     9    6        1       HF    35   21      2
0407   2  18  b   19    11    3        2       HF    35   23      2
0408   2  18  b   19    11    6        1       HF    35   25      2
0409   9  13  b   21     1    3        2       HF    35   27      2
0410   9  13  b   21     1    6        1       HF    35   29      2
0411   9  14  b   21     3    3        2       HF    35   31      2
0412   9  14  b   21     3    6        1       HF    35   33      2
0413   9  15  b   21     5    3        2       HF    35   35      2
0414   9  15  b   21     5    6        1       HF    35   37      2
0415   9  16  b   21     7    3        2       HF    35   39      2
0416   9  16  b   21     7    6        1       HF    35   41      2
0417   9  17  b   21     9    3        2       HF    35   43      2
0418   9  17  b   21     9    6        1       HF    35   45      2
0419   9  18  b   21    11    3        2       HF    35   47      2
0420   9  18  b   21    11    6        1       HF    35   49      2
0421  12  13  b   23     1    3        2       HF    35   51      2
0422  12  13  b   23     1    6        1       HF    35   53      2
0423  12  14  b   23     3    3        2       HF    35   55      2
0424  12  14  b   23     3    6        1       HF    35   57      2
0425  12  15  b   23     5    3        2       HF    35   59      2
0426  12  15  b   23     5    6        1       HF    35   61      2
0427  12  16  b   23     7    3        2       HF    35   63      2
0428  12  16  b   23     7    6        1       HF    35   65      2
0429  12  17  b   23     9    3        2       HF    35   67      2
0430  12  17  b   23     9    6        1       HF    35   69      2
0431  12  18  b   23    11    3        2       HF    35   71      2
0432  12  18  t   23    10    7        0       HF    34    1      1
0433   2  13  t   19     0    2        2       HF    34    3      1
0434   2  13  t   19     0    7        0       HF    34    5      1
0435   2  14  t   19     2    2        2       HF    34    7      1
0436   2  14  t   19     2    7        0       HF    34    9      1
0437   2  15  t   19     4    2        2       HF    34   11      1
0438   2  15  t   19     4    7        0       HF    34   13      1
0439   2  16  t   19     6    2        2       HF    34   15      1
0440   2  16  t   19     6    7        0       HF    34   17      1
0441   2  17  t   19     8    2        2       HF    34   19      1
0442   2  17  t   19     8    7        0       HF    34   21      1
0443   2  18  t   19    10    2        2       HF    34   23      1
0444   2  18  t   19    10    7        0       HF    34   25      1
0445   9  13  t   21     0    2        2       HF    34   27      1
0446   9  13  t   21     0    7        0       HF    34   29      1
0447   9  14  t   21     2    2        2       HF    34   31      1
0448   9  14  t   21     2    7        0       HF    34   33      1
0449   9  15  t   21     4    2        2       HF    34   35      1
0450   9  15  t   21     4    7        0       HF    34   37      1
0451   9  16  t   21     6    2        2       HF    34   39      1
0452   9  16  t   21     6    7        0       HF    34   41      1
0453   9  17  t   21     8    2        2       HF    34   43      1
0454   9  17  t   21     8    7        0       HF    34   45      1
0455   9  18  t   21    10    2        2       HF    34   47      1
0456   9  18  t   21    10    7        0       HF    34   49      1
0457  12  13  t   23     0    2        2       HF    34   51      1
0458  12  13  t   23     0    7        0       HF    34   53      1
0459  12  14  t   23     2    2        2       HF    34   55      1
0460  12  14  t   23     2    7        0       HF    34   57      1
0461  12  15  t   23     4    2        2       HF    34   59      1
0462  12  15  t   23     4    7        0       HF    34   61      1
0463  12  16  t   23     6    2        2       HF    34   63      1
0464  12  16  t   23     6    7        0       HF    34   65      1
0465  12  17  t   23     8    2        2       HF    34   67      1
0466  12  17  t   23     8    7        0       HF    34   69      1
0467  12  18  t   23    10    2        2       HF    34   71      1
0468  12  18  t   23    10    5        0       HF    34    1      2
0469   2  13  t   19     0    4        2       HF    34    3      2
0470   2  13  t   19     0    5        0       HF    34    5      2
0471   2  14  t   19     2    4        2       HF    34    7      2
0472   2  14  t   19     2    5        0       HF    34    9      2
0473   2  15  t   19     4    4        2       HF    34   11      2
0474   2  15  t   19     4    5        0       HF    34   13      2
0475   2  16  t   19     6    4        2       HF    34   15      2
0476   2  16  t   19     6    5        0       HF    34   17      2
0477   2  17  t   19     8    4        2       HF    34   19      2
0478   2  17  t   19     8    5        0       HF    34   21      2
0479   2  18  t   19    10    4        2       HF    34   23      2
0480   2  18  t   19    10    5        0       HF    34   25      2
0481   9  13  t   21     0    4        2       HF    34   27      2
0482   9  13  t   21     0    5        0       HF    34   29      2
0483   9  14  t   21     2    4        2       HF    34   31      2
0484   9  14  t   21     2    5        0       HF    34   33      2
0485   9  15  t   21     4    4        2       HF    34   35      2
0486   9  15  t   21     4    5        0       HF    34   37      2
0487   9  16  t   21     6    4        2       HF    34   39      2
0488   9  16  t   21     6    5        0       HF    34   41      2
0489   9  17  t   21     8    4        2       HF    34   43      2
0490   9  17  t   21     8    5        0       HF    34   45      2
0491   9  18  t   21    10    4        2       HF    34   47      2
0492   9  18  t   21    10    5        0       HF    34   49      2
0493  12  13  t   23     0    4        2       HF    34   51      2
0494  12  13  t   23     0    5        0       HF    34   53      2
0495  12  14  t   23     2    4        2       HF    34   55      2
0496  12  14  t   23     2    5        0       HF    34   57      2
0497  12  15  t   23     4    4        2       HF    34   59      2
0498  12  15  t   23     4    5        0       HF    34   61      2
0499  12  16  t   23     6    4        2       HF    34   63      2
0500  12  16  t   23     6    5        0       HF    34   65      2
0501  12  17  t   23     8    4        2       HF    34   67      2
0502  12  17  t   23     8    5        0       HF    34   69      2
0503  12  18  t   23    10    4        2       HF    34   71      2
0504  12  18  t   23    10    8        2       HF    33    1      1
0505   2  13  t   19     0    1        0       HF    33    3      1
0506   2  13  t   19     0    8        2       HF    33    5      1
0507   2  14  t   19     2    1        0       HF    33    7      1
0508   2  14  t   19     2    8        2       HF    33    9      1
0509   2  15  t   19     4    1        0       HF    33   11      1
0510   2  15  t   19     4    8        2       HF    33   13      1
0511   2  16  t   19     6    1        0       HF    33   15      1
0512   2  16  t   19     6    8        2       HF    33   17      1
0513   2  17  t   19     8    1        0       HF    33   19      1
0514   2  17  t   19     8    8        2       HF    33   21      1
0515   2  18  t   19    10    1        0       HF    33   23      1
0516   2  18  t   19    10    8        2       HF    33   25      1
0517   9  13  t   21     0    1        0       HF    33   27      1
0518   9  13  t   21     0    8        2       HF    33   29      1
0519   9  14  t   21     2    1        0       HF    33   31      1
0520   9  14  t   21     2    8        2       HF    33   33      1
0521   9  15  t   21     4    1        0       HF    33   35      1
0522   9  15  t   21     4    8        2       HF    33   37      1
0523   9  16  t   21     6    1        0       HF    33   39      1
0524   9  16  t   21     6    8        2       HF    33   41      1
0525   9  17  t   21     8    1        0       HF    33   43      1
0526   9  17  t   21     8    8        2       HF    33   45      1
0527   9  18  t   21    10    1        0       HF    33   47      1
0528   9  18  t   21    10    8        2       HF    33   49      1
0529  12  13  t   23     0    1        0       HF    33   51      1
0530  12  13  t   23     0    8        2       HF    33   53      1
0531  12  14  t   23     2    1        0       HF    33   55      1
0532  12  14  t   23     2    8        2       HF    33   57      1
0533  12  15  t   23     4    1        0       HF    33   59      1
0534  12  15  t   23     4    8        2       HF    33   61      1
0535  12  16  t   23     6    1        0       HF    33   63      1
0536  12  16  t   23     6    8        2       HF    33   65      1
0537  12  17  t   23     8    1        0       HF    33   67      1
0538  12  17  t   23     8    8        2       HF    33   69      1
0539  12  18  t   23    10    1        0       HF    33   71      1
0540  12  18  t   23    10    6        2       HF    33    1      2
0541   2  13  t   19     0    3        0       HF    33    3      2
0542   2  13  t   19     0    6        2       HF    33    5      2
0543   2  14  t   19     2    3        0       HF    33    7      2
0544   2  14  t   19     2    6        2       HF    33    9      2
0545   2  15  t   19     4    3        0       HF    33   11      2
0546   2  15  t   19     4    6        2       HF    33   13      2
0547   2  16  t   19     6    3        0       HF    33   15      2
0548   2  16  t   19     6    6        2       HF    33   17      2
0549   2  17  t   19     8    3        0       HF    33   19      2
0550   2  17  t   19     8    6        2       HF    33   21      2
0551   2  18  t   19    10    3        0       HF    33   23      2
0552   2  18  t   19    10    6        2       HF    33   25      2
0553   9  13  t   21     0    3        0       HF    33   27      2
0554   9  13  t   21     0    6        2       HF    33   29      2
0555   9  14  t   21     2    3        0       HF    33   31      2
0556   9  14  t   21     2    6        2       HF    33   33      2
0557   9  15  t   21     4    3        0       HF    33   35      2
0558   9  15  t   21     4    6        2       HF    33   37      2
0559   9  16  t   21     6    3        0       HF    33   39      2
0560   9  16  t   21     6    6        2       HF    33   41      2
0561   9  17  t   21     8    3        0       HF    33   43      2
0562   9  17  t   21     8    6        2       HF    33   45      2
0563   9  18  t   21    10    3        0       HF    33   47      2
0564   9  18  t   21    10    6        2       HF    33   49      2
0565  12  13  t   23     0    3        0       HF    33   51      2
0566  12  13  t   23     0    6        2       HF    33   53      2
0567  12  14  t   23     2    3        0       HF    33   55      2
0568  12  14  t   23     2    6        2       HF    33   57      2
0569  12  15  t   23     4    3        0       HF    33   59      2
0570  12  15  t   23     4    6        2       HF    33   61      2
0571  12  16  t   23     6    3        0       HF    33   63      2
0572  12  16  t   23     6    6        2       HF    33   65      2
0573  12  17  t   23     8    3        0       HF    33   67      2
0574  12  17  t   23     8    6        2       HF    33   69      2
0575  12  18  t   23    10    3        0       HF    33   71      2
0576  12  18  t   23    10    7        1       HF    32    1      1
0577   2  13  t   19     0    2        0       HF    32    3      1
0578   2  13  t   19     0    7        1       HF    32    5      1
0579   2  14  t   19     2    2        0       HF    32    7      1
0580   2  14  t   19     2    7        1       HF    32    9      1
0581   2  15  t   19     4    2        0       HF    32   11      1
0582   2  15  t   19     4    7        1       HF    32   13      1
0583   2  16  t   19     6    2        0       HF    32   15      1
0584   2  16  t   19     6    7        1       HF    32   17      1
0585   2  17  t   19     8    2        0       HF    32   19      1
0586   2  17  t   19     8    7        1       HF    32   21      1
0587   2  18  t   19    10    2        0       HF    32   23      1
0588   2  18  t   19    10    7        1       HF    32   25      1
0589   9  13  t   21     0    2        0       HF    32   27      1
0590   9  13  t   21     0    7        1       HF    32   29      1
0591   9  14  t   21     2    2        0       HF    32   31      1
0592   9  14  t   21     2    7        1       HF    32   33      1
0593   9  15  t   21     4    2        0       HF    32   35      1
0594   9  15  t   21     4    7        1       HF    32   37      1
0595   9  16  t   21     6    2        0       HF    32   39      1
0596   9  16  t   21     6    7        1       HF    32   41      1
0597   9  17  t   21     8    2        0       HF    32   43      1
0598   9  17  t   21     8    7        1       HF    32   45      1
0599   9  18  t   21    10    2        0       HF    32   47      1
0600   9  18  t   21    10    7        1       HF    32   49      1
0601  12  13  t   23     0    2        0       HF    32   51      1
0602  12  13  t   23     0    7        1       HF    32   53      1
0603  12  14  t   23     2    2        0       HF    32   55      1
0604  12  14  t   23     2    7        1       HF    32   57      1
0605  12  15  t   23     4    2        0       HF    32   59      1
0606  12  15  t   23     4    7        1       HF    32   61      1
0607  12  16  t   23     6    2        0       HF    32   63      1
0608  12  16  t   23     6    7        1       HF    32   65      1
0609  12  17  t   23     8    2        0       HF    32   67      1
0610  12  17  t   23     8    7        1       HF    32   69      1
0611  12  18  t   23    10    2        0       HF    32   71      1
0612  12  18  t   23    10    5        1       HF    32    1      2
0613   2  13  t   19     0    4        0       HF    32    3      2
0614   2  13  t   19     0    5        1       HF    32    5      2
0615   2  14  t   19     2    4        0       HF    32    7      2
0616   2  14  t   19     2    5        1       HF    32    9      2
0617   2  15  t   19     4    4        0       HF    32   11      2
0618   2  15  t   19     4    5        1       HF    32   13      2
0619   2  16  t   19     6    4        0       HF    32   15      2
0620   2  16  t   19     6    5        1       HF    32   17      2
0621   2  17  t   19     8    4        0       HF    32   19      2
0622   2  17  t   19     8    5        1       HF    32   21      2
0623   2  18  t   19    10    4        0       HF    32   23      2
0624   2  18  t   19    10    5        1       HF    32   25      2
0625   9  13  t   21     0    4        0       HF    32   27      2
0626   9  13  t   21     0    5        1       HF    32   29      2
0627   9  14  t   21     2    4        0       HF    32   31      2
0628   9  14  t   21     2    5        1       HF    32   33      2
0629   9  15  t   21     4    4        0       HF    32   35      2
0630   9  15  t   21     4    5        1       HF    32   37      2
0631   9  16  t   21     6    4        0       HF    32   39      2
0632   9  16  t   21     6    5        1       HF    32   41      2
0633   9  17  t   21     8    4        0       HF    32   43      2
0634   9  17  t   21     8    5        1       HF    32   45      2
0635   9  18  t   21    10    4        0       HF    32   47      2
0636   9  18  t   21    10    5        1       HF    32   49      2
0637  12  13  t   23     0    4        0       HF    32   51      2
0638  12  13  t   23     0    5        1       HF    32   53      2
0639  12  14  t   23     2    4        0       HF    32   55      2
0640  12  14  t   23     2    5        1       HF    32   57      2
0641  12  15  t   23     4    4        0       HF    32   59      2
0642  12  15  t   23     4    5        1       HF    32   61      2
0643  12  16  t   23     6    4        0       HF    32   63      2
0644  12  16  t   23     6    5        1       HF    32   65      2
0645  12  17  t   23     8    4        0       HF    32   67      2
0646  12  17  t   23     8    5        1       HF    32   69      2
0647  12  18  t   23    10    4        0       HF    32   71      2
0648  12  18  t   23    10    8        0       HF    31    1      1
0649   2  13  t   19     0    1        1       HF    31    3      1
0650   2  13  t   19     0    8        0       HF    31    5      1
0651   2  14  t   19     2    1        1       HF    31    7      1
0652   2  14  t   19     2    8        0       HF    31    9      1
0653   2  15  t   19     4    1        1       HF    31   11      1
0654   2  15  t   19     4    8        0       HF    31   13      1
0655   2  16  t   19     6    1        1       HF    31   15      1
0656   2  16  t   19     6    8        0       HF    31   17      1
0657   2  17  t   19     8    1        1       HF    31   19      1
0658   2  17  t   19     8    8        0       HF    31   21      1
0659   2  18  t   19    10    1        1       HF    31   23      1
0660   2  18  t   19    10    8        0       HF    31   25      1
0661   9  13  t   21     0    1        1       HF    31   27      1
0662   9  13  t   21     0    8        0       HF    31   29      1
0663   9  14  t   21     2    1        1       HF    31   31      1
0664   9  14  t   21     2    8        0       HF    31   33      1
0665   9  15  t   21     4    1        1       HF    31   35      1
0666   9  15  t   21     4    8        0       HF    31   37      1
0667   9  16  t   21     6    1        1       HF    31   39      1
0668   9  16  t   21     6    8        0       HF    31   41      1
0669   9  17  t   21     8    1        1       HF    31   43      1
0670   9  17  t   21     8    8        0       HF    31   45      1
0671   9  18  t   21    10    1        1       HF    31   47      1
0672   9  18  t   21    10    8        0       HF    31   49      1
0673  12  13  t   23     0    1        1       HF    31   51      1
0674  12  13  t   23     0    8        0       HF    31   53      1
0675  12  14  t   23     2    1        1       HF    31   55      1
0676  12  14  t   23     2    8        0       HF    31   57      1
0677  12  15  t   23     4    1        1       HF    31   59      1
0678  12  15  t   23     4    8        0       HF    31   61      1
0679  12  16  t   23     6    1        1       HF    31   63      1
0680  12  16  t   23     6    8        0       HF    31   65      1
0681  12  17  t   23     8    1        1       HF    31   67      1
0682  12  17  t   23     8    8        0       HF    31   69      1
0683  12  18  t   23    10    1        1       HF    31   71      1
0684  12  18  t   23    10    6        0       HF    31    1      2
0685   2  13  t   19     0    3        1       HF    31    3      2
0686   2  13  t   19     0    6        0       HF    31    5      2
0687   2  14  t   19     2    3        1       HF    31    7      2
0688   2  14  t   19     2    6        0       HF    31    9      2
0689   2  15  t   19     4    3        1       HF    31   11      2
0690   2  15  t   19     4    6        0       HF    31   13      2
0691   2  16  t   19     6    3        1       HF    31   15      2
0692   2  16  t   19     6    6        0       HF    31   17      2
0693   2  17  t   19     8    3        1       HF    31   19      2
0694   2  17  t   19     8    6        0       HF    31   21      2
0695   2  18  t   19    10    3        1       HF    31   23      2
0696   2  18  t   19    10    6        0       HF    31   25      2
0697   9  13  t   21     0    3        1       HF    31   27      2
0698   9  13  t   21     0    6        0       HF    31   29      2
0699   9  14  t   21     2    3        1       HF    31   31      2
0700   9  14  t   21     2    6        0       HF    31   33      2
0701   9  15  t   21     4    3        1       HF    31   35      2
0702   9  15  t   21     4    6        0       HF    31   37      2
0703   9  16  t   21     6    3        1       HF    31   39      2
0704   9  16  t   21     6    6        0       HF    31   41      2
0705   9  17  t   21     8    3        1       HF    31   43      2
0706   9  17  t   21     8    6        0       HF    31   45      2
0707   9  18  t   21    10    3        1       HF    31   47      2
0708   9  18  t   21    10    6        0       HF    31   49      2
0709  12  13  t   23     0    3        1       HF    31   51      2
0710  12  13  t   23     0    6        0       HF    31   53      2
0711  12  14  t   23     2    3        1       HF    31   55      2
0712  12  14  t   23     2    6        0       HF    31   57      2
0713  12  15  t   23     4    3        1       HF    31   59      2
0714  12  15  t   23     4    6        0       HF    31   61      2
0715  12  16  t   23     6    3        1       HF    31   63      2
0716  12  16  t   23     6    6        0       HF    31   65      2
0717  12  17  t   23     8    3        1       HF    31   67      2
0718  12  17  t   23     8    6        0       HF    31   69      2
0719  12  18  t   23    10    3        1       HF    31   71      2
0720  12  18  t   23    10    7        2       HF    30    1      1
0721   2  13  t   19     0    2        1       HF    30    3      1
0722   2  13  t   19     0    7        2       HF    30    5      1
0723   2  14  t   19     2    2        1       HF    30    7      1
0724   2  14  t   19     2    7        2       HF    30    9      1
0725   2  15  t   19     4    2        1       HF    30   11      1
0726   2  15  t   19     4    7        2       HF    30   13      1
0727   2  16  t   19     6    2        1       HF    30   15      1
0728   2  16  t   19     6    7        2       HF    30   17      1
0729   2  17  t   19     8    2        1       HF    30   19      1
0730   2  17  t   19     8    7        2       HF    30   21      1
0731   2  18  t   19    10    2        1       HF    30   23      1
0732   2  18  t   19    10    7        2       HF    30   25      1
0733   9  13  t   21     0    2        1       HF    30   27      1
0734   9  13  t   21     0    7        2       HF    30   29      1
0735   9  14  t   21     2    2        1       HF    30   31      1
0736   9  14  t   21     2    7        2       HF    30   33      1
0737   9  15  t   21     4    2        1       HF    30   35      1
0738   9  15  t   21     4    7        2       HF    30   37      1
0739   9  16  t   21     6    2        1       HF    30   39      1
0740   9  16  t   21     6    7        2       HF    30   41      1
0741   9  17  t   21     8    2        1       HF    30   43      1
0742   9  17  t   21     8    7        2       HF    30   45      1
0743   9  18  t   21    10    2        1       HF    30   47      1
0744   9  18  t   21    10    7        2       HF    30   49      1
0745  12  13  t   23     0    2        1       HF    30   51      1
0746  12  13  t   23     0    7        2       HF    30   53      1
0747  12  14  t   23     2    2        1       HF    30   55      1
0748  12  14  t   23     2    7        2       HF    30   57      1
0749  12  15  t   23     4    2        1       HF    30   59      1
0750  12  15  t   23     4    7        2       HF    30   61      1
0751  12  16  t   23     6    2        1       HF    30   63      1
0752  12  16  t   23     6    7        2       HF    30   65      1
0753  12  17  t   23     8    2        1       HF    30   67      1
0754  12  17  t   23     8    7        2       HF    30   69      1
0755  12  18  t   23    10    2        1       HF    30   71      1
0756  12  18  t   23    10    5        2       HF    30    1      2
0757   2  13  t   19     0    4        1       HF    30    3      2
0758   2  13  t   19     0    5        2       HF    30    5      2
0759   2  14  t   19     2    4        1       HF    30    7      2
0760   2  14  t   19     2    5        2       HF    30    9      2
0761   2  15  t   19     4    4        1       HF    30   11      2
0762   2  15  t   19     4    5        2       HF    30   13      2
0763   2  16  t   19     6    4        1       HF    30   15      2
0764   2  16  t   19     6    5        2       HF    30   17      2
0765   2  17  t   19     8    4        1       HF    30   19      2
0766   2  17  t   19     8    5        2       HF    30   21      2
0767   2  18  t   19    10    4        1       HF    30   23      2
0768   2  18  t   19    10    5        2       HF    30   25      2
0769   9  13  t   21     0    4        1       HF    30   27      2
0770   9  13  t   21     0    5        2       HF    30   29      2
0771   9  14  t   21     2    4        1       HF    30   31      2
0772   9  14  t   21     2    5        2       HF    30   33      2
0773   9  15  t   21     4    4        1       HF    30   35      2
0774   9  15  t   21     4    5        2       HF    30   37      2
0775   9  16  t   21     6    4        1       HF    30   39      2
0776   9  16  t   21     6    5        2       HF    30   41      2
0777   9  17  t   21     8    4        1       HF    30   43      2
0778   9  17  t   21     8    5        2       HF    30   45      2
0779   9  18  t   21    10    4        1       HF    30   47      2
0780   9  18  t   21    10    5        2       HF    30   49      2
0781  12  13  t   23     0    4        1       HF    30   51      2
0782  12  13  t   23     0    5        2       HF    30   53      2
0783  12  14  t   23     2    4        1       HF    30   55      2
0784  12  14  t   23     2    5        2       HF    30   57      2
0785  12  15  t   23     4    4        1       HF    30   59      2
0786  12  15  t   23     4    5        2       HF    30   61      2
0787  12  16  t   23     6    4        1       HF    30   63      2
0788  12  16  t   23     6    5        2       HF    30   65      2
0789  12  17  t   23     8    4        1       HF    30   67      2
0790  12  17  t   23     8    5        2       HF    30   69      2
0791  12  18  t   23    10    4        1       HF    30   71      2
0792  12  18  t   23    10    8        1       HF    29    1      1
0793   2  13  t   19     0    1        2       HF    29    3      1
0794   2  13  t   19     0    8        1       HF    29    5      1
0795   2  14  t   19     2    1        2       HF    29    7      1
0796   2  14  t   19     2    8        1       HF    29    9      1
0797   2  15  t   19     4    1        2       HF    29   11      1
0798   2  15  t   19     4    8        1       HF    29   13      1
0799   2  16  t   19     6    1        2       HF    29   15      1
0800   2  16  t   19     6    8        1       HF    29   17      1
0801   2  17  t   19     8    1        2       HF    29   19      1
0802   2  17  t   19     8    8        1       HF    29   21      1
0803   2  18  t   19    10    1        2       HF    29   23      1
0804   2  18  t   19    10    8        1       HF    29   25      1
0805   9  13  t   21     0    1        2       HF    29   27      1
0806   9  13  t   21     0    8        1       HF    29   29      1
0807   9  14  t   21     2    1        2       HF    29   31      1
0808   9  14  t   21     2    8        1       HF    29   33      1
0809   9  15  t   21     4    1        2       HF    29   35      1
0810   9  15  t   21     4    8        1       HF    29   37      1
0811   9  16  t   21     6    1        2       HF    29   39      1
0812   9  16  t   21     6    8        1       HF    29   41      1
0813   9  17  t   21     8    1        2       HF    29   43      1
0814   9  17  t   21     8    8        1       HF    29   45      1
0815   9  18  t   21    10    1        2       HF    29   47      1
0816   9  18  t   21    10    8        1       HF    29   49      1
0817  12  13  t   23     0    1        2       HF    29   51      1
0818  12  13  t   23     0    8        1       HF    29   53      1
0819  12  14  t   23     2    1        2       HF    29   55      1
0820  12  14  t   23     2    8        1       HF    29   57      1
0821  12  15  t   23     4    1        2       HF    29   59      1
0822  12  15  t   23     4    8        1       HF    29   61      1
0823  12  16  t   23     6    1        2       HF    29   63      1
0824  12  16  t   23     6    8        1       HF    29   65      1
0825  12  17  t   23     8    1        2       HF    29   67      1
0826  12  17  t   23     8    8        1       HF    29   69      1
0827  12  18  t   23    10    1        2       HF    29   71      1
0828  12  18  t   23    10    6        1       HF    29    1      2
0829   2  13  t   19     0    3        2       HF    29    3      2
0830   2  13  t   19     0    6        1       HF    29    5      2
0831   2  14  t   19     2    3        2       HF    29    7      2
0832   2  14  t   19     2    6        1       HF    29    9      2
0833   2  15  t   19     4    3        2       HF    29   11      2
0834   2  15  t   19     4    6        1       HF    29   13      2
0835   2  16  t   19     6    3        2       HF    29   15      2
0836   2  16  t   19     6    6        1       HF    29   17      2
0837   2  17  t   19     8    3        2       HF    29   19      2
0838   2  17  t   19     8    6        1       HF    29   21      2
0839   2  18  t   19    10    3        2       HF    29   23      2
0840   2  18  t   19    10    6        1       HF    29   25      2
0841   9  13  t   21     0    3        2       HF    29   27      2
0842   9  13  t   21     0    6        1       HF    29   29      2
0843   9  14  t   21     2    3        2       HF    29   31      2
0844   9  14  t   21     2    6        1       HF    29   33      2
0845   9  15  t   21     4    3        2       HF    29   35      2
0846   9  15  t   21     4    6        1       HF    29   37      2
0847   9  16  t   21     6    3        2       HF    29   39      2
0848   9  16  t   21     6    6        1       HF    29   41      2
0849   9  17  t   21     8    3        2       HF    29   43      2
0850   9  17  t   21     8    6        1       HF    29   45      2
0851   9  18  t   21    10    3        2       HF    29   47      2
0852   9  18  t   21    10    6        1       HF    29   49      2
0853  12  13  t   23     0    3        2       HF    29   51      2
0854  12  13  t   23     0    6        1       HF    29   53      2
0855  12  14  t   23     2    3        2       HF    29   55      2
0856  12  14  t   23     2    6        1       HF    29   57      2
0857  12  15  t   23     4    3        2       HF    29   59      2
0858  12  15  t   23     4    6        1       HF    29   61      2
0859  12  16  t   23     6    3        2       HF    29   63      2
0860  12  16  t   23     6    6        1       HF    29   65      2
0861  12  17  t   23     8    3        2       HF    29   67      2
0862  12  17  t   23     8    6        1       HF    29   69      2
0863  12  18  t   23    10    3        2       HF    29   71      2
